2 0.645833 0.540741 0.0375 0.0388889
7 0.490104 0.498611 0.0479167 0.0583333
2 0.902344 0.539352 0.0421875 0.0509259
2 0.40599 0.541204 0.0213542 0.0416667
2 0.934896 0.534722 0.110417 0.0731481
2 0.646354 0.558796 0.040625 0.0583333
2 0.734375 0.512037 0.0291667 0.0425926
2 0.431771 0.541667 0.040625 0.0777778
5 0.589323 0.510185 0.0838542 0.155556
2 0.48099 0.580556 0.0869792 0.135185
2 0.698438 0.56713 0.0729167 0.0824074
2 0.952083 0.659259 0.0958333 0.22037
7 0.332552 0.565278 0.141146 0.256481
7 0.132031 0.572685 0.214062 0.317593
