2 0.56875 0.536111 0.03125 0.0425926
7 0.540104 0.493056 0.04375 0.075
2 0.489062 0.962963 0.479167 0.0740741
2 0.792969 0.575 0.133854 0.103704
9 0.489062 0.421296 0.0145833 0.0259259
0 0.909115 0.534259 0.0182292 0.0611111
2 0.467969 0.523148 0.0276042 0.0333333
2 0.506771 0.526852 0.05 0.0462963
2 0.546354 0.540278 0.0395833 0.0601852
2 0.423177 0.539352 0.0390625 0.0583333
2 0.654688 0.557407 0.0427083 0.0685185
2 0.0705729 0.529167 0.0838542 0.0805556
2 0.952865 0.8625 0.0932292 0.265741
2 0.350781 0.546296 0.0682292 0.0740741
2 0.752865 0.659722 0.213021 0.239815
2 0.288542 0.527778 0.0510417 0.0444444
2 0.603906 0.580093 0.102604 0.110185
2 0.0479167 0.868519 0.0958333 0.233333
2 0.483854 0.631481 0.128125 0.187037
